P_pi: [[0.275, 0.7250000000000001], [0.375, 0.6250000000000001]]
r_pi: [0.7250000000000001, 0.6250000000000001]
pstar_pi: [0.34090909090909094, 0.6590909090909091]
v_gain: [0.65909091 0.65909091]
v_gamma: {0.0: [0.7250000000000001, 0.6250000000000001], 0.5: [1.3809523809523814, 1.2857142857142858], 0.99: [65.96906278434997, 65.87807097361294]}
Optimal wrt gamma:None 
 optimal_value: 0.8181818181818182 
 [array([[0, 1],
       [1, 0]])]
Optimal wrt gamma:0.0 
 optimal_value: 0.9 
 [array([[0, 1],
       [1, 0]]), array([[0, 1],
       [0, 1]])]
Optimal wrt gamma:0.5 
 optimal_value: 1.7142857142857144 
 [array([[0, 1],
       [1, 0]])]
Optimal wrt gamma:0.99 
 optimal_value: 81.89262966333067 
 [array([[0, 1],
       [1, 0]])]
0: 0, 1, 1, 1 
 [[1. 0.]
 [0. 1.]]
1: 0, 1, 1, 1 
 [[0.275 0.725]
 [0.375 0.625]]
2: 0, 1, 1, 1 
 [[0.3475 0.6525]
 [0.3375 0.6625]]
3: 0, 1, 0, 0 
 [[0.34025 0.65975]
 [0.34125 0.65875]]
4: 0, 1, 1, 1 
 [[0.340975 0.659025]
 [0.340875 0.659125]]
5: 0, 0, 1, 1 
 [[0.3409025 0.6590975]
 [0.3409125 0.6590875]]
6: 0, 1, 1, 1 
 [[0.34090975 0.65909025]
 [0.34090875 0.65909125]]
7: 0, 1, 1, 1 
 [[0.34090903 0.65909098]
 [0.34090913 0.65909088]]
8: 0, 1, 0, 0 
 [[0.3409091  0.6590909 ]
 [0.34090909 0.65909091]]
9: 0, 0, 0, 0 
 [[0.34090909 0.65909091]
 [0.34090909 0.65909091]]
10: 0, 0, 1, 1 
 [[0.34090909 0.65909091]
 [0.34090909 0.65909091]]
11: 0, 1, 1, 1 
 [[0.34090909 0.65909091]
 [0.34090909 0.65909091]]
12: 0, 1, 1, 1 
 [[0.34090909 0.65909091]
 [0.34090909 0.65909091]]
13: 0, 0, 0, 0 
 [[0.34090909 0.65909091]
 [0.34090909 0.65909091]]
14: 0, 1, 1, 1 
 [[0.34090909 0.65909091]
 [0.34090909 0.65909091]]
15: 0, 1, 1, 1 
 [[0.34090909 0.65909091]
 [0.34090909 0.65909091]]
16: 0, 1, 1, 1 
 [[0.34090909 0.65909091]
 [0.34090909 0.65909091]]
17: 0, 0, 1, 1 
 [[0.34090909 0.65909091]
 [0.34090909 0.65909091]]
18: 0, 1, 1, 1 
 [[0.34090909 0.65909091]
 [0.34090909 0.65909091]]
19: 0, 0, 1, 1 
 [[0.34090909 0.65909091]
 [0.34090909 0.65909091]]
20: 0, 1, 1, 1 
 [[0.34090909 0.65909091]
 [0.34090909 0.65909091]]
21: 0, 1, 1, 1 
 [[0.34090909 0.65909091]
 [0.34090909 0.65909091]]
22: 0, 1, 0, 0 
 [[0.34090909 0.65909091]
 [0.34090909 0.65909091]]
23: 0, 0, 0, 0 
 [[0.34090909 0.65909091]
 [0.34090909 0.65909091]]
24: 0, 1, 1, 1 
 [[0.34090909 0.65909091]
 [0.34090909 0.65909091]]
25: 0, 1, 1, 1 
 [[0.34090909 0.65909091]
 [0.34090909 0.65909091]]
26: 0, 0, 1, 1 
 [[0.34090909 0.65909091]
 [0.34090909 0.65909091]]
27: 0, 1, 1, 1 
 [[0.34090909 0.65909091]
 [0.34090909 0.65909091]]
28: 0, 1, 1, 1 
 [[0.34090909 0.65909091]
 [0.34090909 0.65909091]]
29: 0, 1, 1, 1 
 [[0.34090909 0.65909091]
 [0.34090909 0.65909091]]
30: 0, 0, 1, 1 
 [[0.34090909 0.65909091]
 [0.34090909 0.65909091]]
31: 0, 1, 0, 0 
 [[0.34090909 0.65909091]
 [0.34090909 0.65909091]]
32: 0, 0, 1, 1 
 [[0.34090909 0.65909091]
 [0.34090909 0.65909091]]
33: 0, 1, 1, 1 
 [[0.34090909 0.65909091]
 [0.34090909 0.65909091]]
34: 0, 1, 1, 1 
 [[0.34090909 0.65909091]
 [0.34090909 0.65909091]]
35: 0, 1, 1, 1 
 [[0.34090909 0.65909091]
 [0.34090909 0.65909091]]
36: 0, 1, 1, 1 
 [[0.34090909 0.65909091]
 [0.34090909 0.65909091]]
37: 0, 0, 0, 0 
 [[0.34090909 0.65909091]
 [0.34090909 0.65909091]]
38: 0, 0, 0, 0 
 [[0.34090909 0.65909091]
 [0.34090909 0.65909091]]
39: 0, 1, 1, 1 
 [[0.34090909 0.65909091]
 [0.34090909 0.65909091]]
40: 0, 1, 1, 1 
 [[0.34090909 0.65909091]
 [0.34090909 0.65909091]]
41: 0, 1, 0, 0 
 [[0.34090909 0.65909091]
 [0.34090909 0.65909091]]
42: 0, 1, 1, 1 
 [[0.34090909 0.65909091]
 [0.34090909 0.65909091]]
43: 0, 1, 1, 1 
 [[0.34090909 0.65909091]
 [0.34090909 0.65909091]]
44: 0, 1, 1, 1 
 [[0.34090909 0.65909091]
 [0.34090909 0.65909091]]
45: 0, 1, 0, 0 
 [[0.34090909 0.65909091]
 [0.34090909 0.65909091]]
46: 0, 1, 1, 1 
 [[0.34090909 0.65909091]
 [0.34090909 0.65909091]]
47: 0, 1, 1, 1 
 [[0.34090909 0.65909091]
 [0.34090909 0.65909091]]
48: 0, 0, 0, 0 
 [[0.34090909 0.65909091]
 [0.34090909 0.65909091]]
49: 0, 1, 1, 1 
 [[0.34090909 0.65909091]
 [0.34090909 0.65909091]]
50: 0, 1, 1, 1 
 [[0.34090909 0.65909091]
 [0.34090909 0.65909091]]
51: 0, 1, 0, 0 
 [[0.34090909 0.65909091]
 [0.34090909 0.65909091]]
52: 0, 0, 0, 0 
 [[0.34090909 0.65909091]
 [0.34090909 0.65909091]]
53: 0, 1, 1, 1 
 [[0.34090909 0.65909091]
 [0.34090909 0.65909091]]
54: 0, 1, 1, 1 
 [[0.34090909 0.65909091]
 [0.34090909 0.65909091]]
55: 0, 0, 0, 0 
 [[0.34090909 0.65909091]
 [0.34090909 0.65909091]]
56: 0, 0, 1, 1 
 [[0.34090909 0.65909091]
 [0.34090909 0.65909091]]
57: 0, 0, 1, 1 
 [[0.34090909 0.65909091]
 [0.34090909 0.65909091]]
58: 0, 1, 1, 1 
 [[0.34090909 0.65909091]
 [0.34090909 0.65909091]]
59: 0, 0, 0, 0 
 [[0.34090909 0.65909091]
 [0.34090909 0.65909091]]
60: 0, 1, 0, 0 
 [[0.34090909 0.65909091]
 [0.34090909 0.65909091]]
61: 0, 1, 1, 1 
 [[0.34090909 0.65909091]
 [0.34090909 0.65909091]]
62: 0, 1, 1, 1 
 [[0.34090909 0.65909091]
 [0.34090909 0.65909091]]
63: 0, 0, 0, 0 
 [[0.34090909 0.65909091]
 [0.34090909 0.65909091]]
64: 0, 1, 1, 1 
 [[0.34090909 0.65909091]
 [0.34090909 0.65909091]]
65: 0, 1, 1, 1 
 [[0.34090909 0.65909091]
 [0.34090909 0.65909091]]
66: 0, 1, 1, 1 
 [[0.34090909 0.65909091]
 [0.34090909 0.65909091]]
67: 0, 1, 1, 1 
 [[0.34090909 0.65909091]
 [0.34090909 0.65909091]]
68: 0, 1, 1, 1 
 [[0.34090909 0.65909091]
 [0.34090909 0.65909091]]
69: 0, 1, 1, 1 
 [[0.34090909 0.65909091]
 [0.34090909 0.65909091]]
70: 0, 1, 1, 1 
 [[0.34090909 0.65909091]
 [0.34090909 0.65909091]]
71: 0, 1, 1, 1 
 [[0.34090909 0.65909091]
 [0.34090909 0.65909091]]
72: 0, 1, 1, 1 
 [[0.34090909 0.65909091]
 [0.34090909 0.65909091]]
73: 0, 1, 1, 1 
 [[0.34090909 0.65909091]
 [0.34090909 0.65909091]]
74: 0, 0, 0, 0 
 [[0.34090909 0.65909091]
 [0.34090909 0.65909091]]
75: 0, 1, 1, 1 
 [[0.34090909 0.65909091]
 [0.34090909 0.65909091]]
76: 0, 1, 1, 1 
 [[0.34090909 0.65909091]
 [0.34090909 0.65909091]]
77: 0, 1, 1, 1 
 [[0.34090909 0.65909091]
 [0.34090909 0.65909091]]
78: 0, 1, 1, 1 
 [[0.34090909 0.65909091]
 [0.34090909 0.65909091]]
79: 0, 1, 1, 1 
 [[0.34090909 0.65909091]
 [0.34090909 0.65909091]]
80: 0, 1, 1, 1 
 [[0.34090909 0.65909091]
 [0.34090909 0.65909091]]
81: 0, 1, 0, 0 
 [[0.34090909 0.65909091]
 [0.34090909 0.65909091]]
82: 0, 0, 0, 0 
 [[0.34090909 0.65909091]
 [0.34090909 0.65909091]]
83: 0, 1, 1, 1 
 [[0.34090909 0.65909091]
 [0.34090909 0.65909091]]
84: 0, 0, 0, 0 
 [[0.34090909 0.65909091]
 [0.34090909 0.65909091]]
85: 0, 1, 1, 1 
 [[0.34090909 0.65909091]
 [0.34090909 0.65909091]]
86: 0, 1, 1, 1 
 [[0.34090909 0.65909091]
 [0.34090909 0.65909091]]
87: 0, 0, 0, 0 
 [[0.34090909 0.65909091]
 [0.34090909 0.65909091]]
88: 0, 1, 1, 1 
 [[0.34090909 0.65909091]
 [0.34090909 0.65909091]]
89: 0, 1, 1, 1 
 [[0.34090909 0.65909091]
 [0.34090909 0.65909091]]
90: 0, 1, 1, 1 
 [[0.34090909 0.65909091]
 [0.34090909 0.65909091]]
91: 0, 1, 1, 1 
 [[0.34090909 0.65909091]
 [0.34090909 0.65909091]]
92: 0, 0, 1, 1 
 [[0.34090909 0.65909091]
 [0.34090909 0.65909091]]
93: 0, 0, 0, 0 
 [[0.34090909 0.65909091]
 [0.34090909 0.65909091]]
94: 0, 0, 0, 0 
 [[0.34090909 0.65909091]
 [0.34090909 0.65909091]]
95: 0, 1, 1, 1 
 [[0.34090909 0.65909091]
 [0.34090909 0.65909091]]
96: 0, 1, 1, 1 
 [[0.34090909 0.65909091]
 [0.34090909 0.65909091]]
97: 0, 1, 1, 1 
 [[0.34090909 0.65909091]
 [0.34090909 0.65909091]]
98: 0, 1, 0, 0 
 [[0.34090909 0.65909091]
 [0.34090909 0.65909091]]
99: 0, 1, 1, 1 
 [[0.34090909 0.65909091]
 [0.34090909 0.65909091]]
tmix: 6
v_gain_empirical_from_s0: 0.74
v_gain_theoretical_from_s0: 0.6590909090909092
